function [lb,ub,dim,fobj] = ClassificationFunction(F)

fobj = @ClassificationFunction1;
        lb=[0 0 0 0 0 0 0 0 0];
        ub=[2 2 2 2 2 2 2 2 2]; 
        dim=9;
end

function AccuracyT = ClassificationFunction1(X)

X = [1	1	2	1	1	2	2	0	2
1	1	2	1	1	2	0	2	2
1	1	2	1	1	0	2	2	2
1	1	2	1	2	1	2	2	0
1	1	2	1	2	1	2	0	2
1	1	2	1	2	2	2	1	0
1	1	2	1	2	2	2	0	1
1	1	2	1	2	2	0	1	2
1	1	2	1	2	0	2	1	2
1	1	2	1	2	0	2	2	1
1	1	2	1	2	0	2	0	0
1	1	2	1	0	1	2	2	2
1	1	2	1	0	2	2	1	2
1	1	2	1	0	2	0	0	2
1	1	2	2	1	2	1	0	2
1	1	2	2	2	1	2	1	0
1	1	2	2	2	1	2	0	1
1	1	2	2	2	2	1	1	0
1	1	2	2	2	2	1	0	1
1	1	2	2	2	2	0	1	1
1	1	2	2	2	0	2	1	1
1	1	2	2	0	2	1	1	2
1	1	2	0	1	1	2	2	2
1	1	2	0	1	2	1	2	2
1	1	2	0	1	2	0	0	2
1	1	2	0	2	1	2	1	2
1	1	2	0	2	1	2	2	1
1	1	2	0	2	1	2	0	0
1	1	2	0	2	2	1	1	2
1	1	2	0	2	2	2	1	1
1	1	2	0	2	0	2	1	0
1	1	2	0	2	0	2	0	1
1	1	2	0	0	2	1	0	2
1	1	2	0	0	2	0	1	2
1	1	0	1	1	2	2	2	2
1	1	0	1	2	1	2	2	2
1	1	0	1	0	0	2	2	2
1	1	0	2	1	1	2	2	2
1	1	0	2	2	2	1	1	2
1	1	0	2	2	2	1	2	1
1	1	0	2	2	2	1	0	0
1	1	0	2	2	2	2	1	1
1	1	0	2	2	2	0	1	0
1	1	0	2	2	2	0	0	1
1	1	0	0	1	0	2	2	2
1	1	0	0	0	1	2	2	2
1	2	1	1	1	0	2	2	2
1	2	1	1	2	1	2	2	0
1	2	1	1	2	1	0	2	2
1	2	1	1	2	2	0	2	1
1	2	1	1	2	0	2	2	1
1	2	1	1	2	0	0	2	0
1	2	1	1	0	1	2	2	2
1	2	1	2	2	1	1	2	0
1	2	1	2	2	2	1	1	0
1	2	1	2	2	2	1	0	1
1	2	1	2	2	2	0	1	1
1	2	1	2	2	0	1	2	1
1	2	1	0	1	1	2	2	2
1	2	1	0	2	1	1	2	2
1	2	1	0	2	1	0	2	0
1	2	1	0	2	2	1	2	1
1	2	1	0	2	0	1	2	0
1	2	1	0	2	0	0	2	1
1	2	2	1	1	2	0	1	2
1	2	2	1	2	1	2	1	0
1	2	2	1	2	1	2	0	1
1	2	2	1	2	1	0	2	1
1	2	2	1	2	0	2	1	1
1	2	2	0	1	2	1	1	2
1	2	2	0	2	1	1	2	1
1	2	2	0	2	1	2	1	1
1	2	0	1	2	1	2	2	1
1	2	0	1	2	1	0	2	0
1	2	0	1	2	0	0	2	1
1	2	0	2	2	1	1	2	1
1	2	0	0	2	1	1	2	0
1	2	0	0	2	1	0	2	1
1	2	0	0	2	0	1	2	1
1	0	1	1	1	2	2	2	2
1	0	1	1	2	1	2	2	2
1	0	1	1	0	0	2	2	2
1	0	1	2	1	1	2	2	2
1	0	1	2	2	2	1	1	2
1	0	1	2	2	2	1	2	1
1	0	1	2	2	2	1	0	0
1	0	1	2	2	2	2	1	1
1	0	1	2	2	2	0	1	0
1	0	1	2	2	2	0	0	1
1	0	1	0	1	0	2	2	2
1	0	1	0	0	1	2	2	2
1	0	2	1	1	2	2	1	2
1	0	2	1	1	2	0	0	2
1	0	2	1	2	1	2	1	2
1	0	2	1	2	1	2	2	1
1	0	2	1	2	1	2	0	0
1	0	2	1	2	2	2	1	1
1	0	2	1	2	0	2	1	0
1	0	2	1	2	0	2	0	1
1	0	2	1	0	2	0	1	2
1	0	2	2	1	2	1	1	2
1	0	2	2	2	1	2	1	1
1	0	2	0	1	2	1	0	2
1	0	2	0	1	2	0	1	2
1	0	2	0	2	1	2	1	0
1	0	2	0	2	1	2	0	1
1	0	2	0	2	0	2	1	1
1	0	2	0	0	2	1	1	2
1	0	0	1	1	0	2	2	2
1	0	0	1	0	1	2	2	2
1	0	0	2	2	2	1	1	0
1	0	0	2	2	2	1	0	1
1	0	0	2	2	2	0	1	1
1	0	0	0	1	1	2	2	2
2	1	1	1	1	0	2	2	2
2	1	1	1	2	1	2	0	2
2	1	1	1	2	1	0	2	2
2	1	1	1	2	2	1	0	2
2	1	1	1	2	2	0	1	2
2	1	1	1	2	0	1	2	2
2	1	1	1	2	0	2	1	2
2	1	1	1	2	0	0	0	2
2	1	1	1	0	1	2	2	2
2	1	1	2	1	1	2	2	0
2	1	1	2	1	1	2	0	2
2	1	1	2	1	2	2	0	1
2	1	1	2	1	0	2	2	1
2	1	1	2	1	0	2	0	0
2	1	1	2	2	1	1	0	2
2	1	1	2	2	1	2	1	0
2	1	1	2	2	1	0	1	2
2	1	1	2	2	2	1	1	0
2	1	1	2	2	2	1	0	1
2	1	1	2	2	2	0	1	1
2	1	1	2	2	0	1	1	2
2	1	1	2	2	0	2	1	1
2	1	1	2	0	1	2	1	2
2	1	1	2	0	1	2	0	0
2	1	1	2	0	2	2	1	1
2	1	1	2	0	0	2	1	0
2	1	1	2	0	0	2	0	1
2	1	1	0	1	1	2	2	2
2	1	1	0	2	1	1	2	2
2	1	1	0	2	1	2	1	2
2	1	1	0	2	1	0	0	2
2	1	1	0	2	2	1	1	2
2	1	1	0	2	0	1	0	2
2	1	1	0	2	0	0	1	2
2	1	2	1	1	2	1	0	2
2	1	2	1	2	1	1	0	2
2	1	2	1	2	1	2	1	0
2	1	2	1	2	1	2	0	1
2	1	2	1	2	1	0	1	2
2	1	2	1	2	0	1	1	2
2	1	2	1	2	0	2	1	1
2	1	2	1	0	2	1	1	2
2	1	2	2	1	1	2	0	1
2	1	2	2	0	1	2	1	1
2	1	2	0	2	1	1	1	2
2	1	2	0	2	1	2	1	1
2	1	0	1	2	1	1	2	2
2	1	0	1	2	1	2	1	2
2	1	0	1	2	1	0	0	2
2	1	0	1	2	2	1	1	2
2	1	0	1	2	0	1	0	2
2	1	0	1	2	0	0	1	2
2	1	0	2	1	1	2	2	1
2	1	0	2	1	1	2	0	0
2	1	0	2	1	0	2	0	1
2	1	0	2	2	1	1	1	2
2	1	0	2	2	1	2	1	1
2	1	0	2	0	1	2	1	0
2	1	0	2	0	1	2	0	1
2	1	0	2	0	0	2	1	1
2	1	0	0	2	1	1	0	2
2	1	0	0	2	1	0	1	2
2	1	0	0	2	0	1	1	2
2	2	1	1	2	1	1	2	0
2	2	1	1	2	1	1	0	2
2	2	1	1	2	1	0	1	2
2	2	1	1	2	0	1	1	2
2	2	1	1	2	0	1	2	1
2	2	1	2	1	1	2	1	0
2	2	1	2	1	0	2	1	1
2	2	1	0	2	1	1	1	2
2	2	2	1	1	2	1	1	0
2	2	2	1	1	2	1	0	1
2	2	2	1	1	2	0	1	1
2	2	2	1	1	0	1	1	2
2	2	2	1	1	0	1	2	1
2	2	2	1	1	0	1	0	0
2	2	2	1	1	0	2	1	1
2	2	2	1	1	0	0	1	0
2	2	2	1	1	0	0	0	1
2	2	2	1	2	1	1	1	0
2	2	2	1	2	1	1	0	1
2	2	2	1	2	1	0	1	1
2	2	2	1	0	1	1	1	2
2	2	2	1	0	1	1	2	1
2	2	2	1	0	1	1	0	0
2	2	2	1	0	1	2	1	1
2	2	2	1	0	1	0	1	0
2	2	2	1	0	1	0	0	1
2	2	2	1	0	0	1	1	0
2	2	2	1	0	0	1	0	1
2	2	2	1	0	0	0	1	1
2	2	2	2	1	1	1	1	0
2	2	2	2	1	1	1	0	1
2	2	2	2	1	1	0	1	1
2	2	2	0	1	1	1	1	2
2	2	2	0	1	1	1	2	1
2	2	2	0	1	1	1	0	0
2	2	2	0	1	1	2	1	1
2	2	2	0	1	1	0	1	0
2	2	2	0	1	1	0	0	1
2	2	2	0	1	0	1	1	0
2	2	2	0	1	0	1	0	1
2	2	2	0	1	0	0	1	1
2	2	2	0	0	1	1	1	0
2	2	2	0	0	1	1	0	1
2	2	2	0	0	1	0	1	1
2	2	0	1	2	1	1	1	2
2	2	0	1	2	1	1	2	1
2	2	0	2	1	1	2	1	1
2	0	1	1	2	1	1	2	2
2	0	1	1	2	1	2	1	2
2	0	1	1	2	1	0	0	2
2	0	1	1	2	2	1	1	2
2	0	1	1	2	0	1	0	2
2	0	1	1	2	0	0	1	2
2	0	1	2	1	1	2	1	2
2	0	1	2	1	1	2	0	0
2	0	1	2	1	2	2	1	1
2	0	1	2	1	0	2	1	0
2	0	1	2	1	0	2	0	1
2	0	1	2	2	1	1	1	2
2	0	1	2	0	1	2	1	0
2	0	1	2	0	0	2	1	1
2	0	1	0	2	1	1	0	2
2	0	1	0	2	1	0	1	2
2	0	1	0	2	0	1	1	2
2	0	2	1	1	2	1	1	2
2	0	2	1	2	1	1	1	2
2	0	2	1	2	1	2	1	1
2	0	2	2	1	1	2	1	1
2	0	0	1	2	1	1	0	2
2	0	0	1	2	1	0	1	2
2	0	0	1	2	0	1	1	2
2	0	0	2	1	1	2	1	0
2	0	0	2	1	1	2	0	1
2	0	0	2	1	0	2	1	1
2	0	0	2	0	1	2	1	1
2	0	0	0	2	1	1	1	2
0	1	1	1	1	2	2	2	2
0	1	1	1	2	1	2	2	2
0	1	1	1	0	0	2	2	2
0	1	1	2	1	1	2	2	2
0	1	1	2	2	2	1	1	2
0	1	1	2	2	2	1	2	1
0	1	1	2	2	2	1	0	0
0	1	1	2	2	2	2	1	1
0	1	1	2	2	2	0	1	0
0	1	1	2	2	2	0	0	1
0	1	1	0	1	0	2	2	2
0	1	1	0	0	1	2	2	2
0	1	2	1	1	2	1	2	2
0	1	2	1	1	2	0	0	2
0	1	2	1	2	1	2	1	2
0	1	2	1	2	1	2	2	1
0	1	2	1	2	1	2	0	0
0	1	2	1	2	2	1	1	2
0	1	2	1	2	2	2	1	1
0	1	2	1	2	0	2	1	0
0	1	2	1	2	0	2	0	1
0	1	2	1	0	2	1	0	2
0	1	2	1	0	2	0	1	2
0	1	2	2	2	1	2	1	1
0	1	2	0	1	2	1	0	2
0	1	2	0	2	1	2	1	0
0	1	2	0	2	1	2	0	1
0	1	2	0	2	0	2	1	1
0	1	2	0	0	2	1	1	2
0	1	0	1	1	0	2	2	2
0	1	0	1	0	1	2	2	2
0	1	0	2	2	2	1	1	0
0	1	0	2	2	2	1	0	1
0	1	0	2	2	2	0	1	1
0	1	0	0	1	1	2	2	2
0	2	1	1	2	1	1	2	2
0	2	1	1	2	1	0	2	0
0	2	1	1	2	2	1	2	1
0	2	1	1	2	0	1	2	0
0	2	1	1	2	0	0	2	1
0	2	1	0	2	1	1	2	0
0	2	1	0	2	0	1	2	1
0	2	2	1	1	2	1	1	2
0	2	2	1	2	1	1	2	1
0	2	2	1	2	1	2	1	1
0	2	0	1	2	1	1	2	0
0	2	0	1	2	1	0	2	1
0	2	0	1	2	0	1	2	1
0	2	0	0	2	1	1	2	1
0	0	1	1	1	0	2	2	2
0	0	1	1	0	1	2	2	2
0	0	1	2	2	2	1	1	0
0	0	1	2	2	2	1	0	1
0	0	1	2	2	2	0	1	1
0	0	1	0	1	1	2	2	2
0	0	2	1	1	2	1	0	2
0	0	2	1	1	2	0	1	2
0	0	2	1	2	1	2	1	0
0	0	2	1	2	1	2	0	1
0	0	2	1	2	0	2	1	1
0	0	2	1	0	2	1	1	2
0	0	2	0	1	2	1	1	2
0	0	2	0	2	1	2	1	1
1	1	2	2	1	1	1	2	2
1	1	2	2	2	1	1	1	2
1	1	2	2	2	1	1	2	1
1	2	1	1	1	2	2	1	2
1	2	1	1	2	1	2	1	2
1	2	1	1	2	2	2	1	1
1	2	1	2	1	1	2	1	2
1	2	1	2	2	1	1	1	2
1	2	2	2	1	1	1	1	2
2	1	1	1	1	2	2	2	1
2	1	1	1	2	2	1	2	1
2	1	1	1	2	2	2	1	1
2	1	2	1	1	2	1	2	1
2	1	2	1	2	1	1	2	1
2	1	2	2	1	1	1	2	1
2	2	1	1	1	2	2	1	1
1	0	0	0	1	0	2	2	1
2	1	1	1	1	2	1	2	2
2	1	1	1	1	2	2	1	2
2	1	1	1	2	1	2	2	1
2	1	1	2	1	1	1	2	2
2	1	1	2	1	2	1	1	2
2	1	1	2	1	2	1	2	1
2	1	1	2	1	2	1	0	0
2	1	1	2	1	2	0	1	0
2	1	1	2	1	0	1	2	0
2	1	1	2	1	0	1	0	2
2	1	1	2	1	0	0	1	2
2	1	1	2	2	1	1	2	1
2	1	1	2	2	1	0	0	1
2	1	1	2	0	1	0	2	1
2	1	1	0	1	2	1	2	0
2	1	1	0	1	2	1	0	2
2	1	1	0	1	2	2	1	0
2	1	1	0	1	2	0	1	2
2	1	1	0	1	0	1	2	2
2	1	1	0	1	0	2	1	2
2	1	1	0	2	1	2	0	1
2	1	1	0	2	1	0	2	1
2	1	1	0	0	1	2	2	1
2	1	2	1	1	1	1	2	2
2	1	2	1	1	1	2	1	2
2	1	2	1	1	1	2	2	1
2	1	2	1	1	1	2	0	0
2	1	2	1	1	1	0	2	0
2	1	2	1	1	1	0	0	2
2	1	2	1	1	2	2	1	1
2	1	2	1	1	2	0	1	0
2	1	2	1	1	0	2	1	0
2	1	2	1	1	0	0	1	2
2	1	2	1	2	2	1	1	1
2	1	2	2	1	1	1	1	2
2	1	2	2	1	1	0	1	0
2	1	2	2	1	2	1	1	1
2	1	2	2	1	0	1	1	0
2	1	2	2	1	0	0	1	1
2	1	2	2	2	1	1	1	1
2	1	2	2	0	0	1	1	1
2	1	2	0	1	1	2	1	0
2	1	2	0	1	1	0	1	2
2	1	2	0	1	2	1	1	0
2	1	2	0	1	2	0	1	1
2	1	2	0	1	0	1	1	2
2	1	2	0	1	0	2	1	1
2	1	2	0	1	0	0	1	0
2	1	2	0	2	0	1	1	1
2	1	2	0	0	2	1	1	1
2	1	0	1	1	1	2	2	0
2	1	0	1	1	1	2	0	2
2	1	0	1	1	1	0	2	2
2	1	0	1	1	2	2	1	0
2	1	0	1	1	2	0	1	2
2	1	0	1	1	0	2	1	2
2	1	0	2	1	1	0	1	2
2	1	0	2	1	2	1	1	0
2	1	0	2	1	2	0	1	1
2	1	0	2	1	0	1	1	2
2	1	0	2	1	0	0	1	0
2	1	0	2	2	0	1	1	1
2	1	0	2	0	2	1	1	1
2	1	0	0	1	1	2	1	2
2	1	0	0	1	2	1	1	2
2	1	0	0	1	2	2	1	1
2	1	0	0	1	2	0	1	0
2	1	0	0	1	0	2	1	0
2	1	0	0	1	0	0	1	2
2	1	0	0	2	2	1	1	1
2	2	1	1	1	1	1	2	2
2	2	1	1	1	1	2	1	2
2	2	1	1	1	1	2	2	1
2	2	1	1	1	1	2	0	0
2	2	1	1	1	1	0	2	0
2	2	1	1	1	1	0	0	2
2	2	1	1	1	2	1	1	2
2	2	1	1	1	2	1	2	1
2	2	1	1	1	2	1	0	0
2	2	1	1	1	0	1	2	0
2	2	1	1	1	0	1	0	2
2	2	1	1	2	1	2	1	1
2	2	1	1	2	1	0	0	1
2	2	1	1	2	2	1	1	1
2	2	1	1	0	1	2	0	1
2	2	1	1	0	1	0	2	1
2	2	1	2	1	1	1	1	2
2	2	1	2	1	1	1	2	1
2	2	1	2	1	1	1	0	0
2	2	1	2	1	1	0	0	1
2	2	1	2	1	2	1	1	1
2	2	1	2	1	0	1	1	0
2	2	1	2	1	0	1	0	1
2	2	1	2	2	1	1	1	1
2	2	1	2	0	1	1	0	1
2	2	1	2	0	1	0	1	1
2	2	1	2	0	0	1	1	1
2	2	1	0	1	1	1	2	0
